"Story","Title","Result","Date","Stability","Duration (s)"
"Reimbursement","Verify wrong extension warning pop up is visible","ERROR","2022-10-15T22:05:24.649+05:30[Asia/Calcutta]","0.0","43.25"
